1: 16, 28, 30, 37
2: 14, 40
3: 15, 10, 38, 17, 39, 20, 22, 42
4: 32, 23, 21, 35, 44
5: 29, 15, 24, 14
6: 8, 37, 28
7: 43, 16, 30, 37, 34
8: 6, 37, 17, 28, 39
10: 15, 32, 38, 3
11: 15
12: 21, 35
13: 35, 41, 31
14: 40, 5, 42, 20, 15, 24, 2, 27
15: 11, 32, 10, 3, 42, 14, 24, 5, 29
16: 7, 30, 43, 1
17: 38, 3, 39, 8, 37, 34, 44
20: 39, 3, 42, 14, 36, 46
21: 12, 23, 35, 4
22: 42, 3
23: 21, 4, 35, 32
24: 5, 14, 15
26: 44, 34
27: 14
28: 1, 6, 8, 37
29: 5, 15
30: 1, 7, 16, 37
31: 13, 35, 41
32: 4, 10, 15, 23, 38, 44, 35
33: 40
34: 7, 17, 26, 37, 44
35: 4, 12, 13, 21, 23, 31, 32, 44
36: 20
37: 1, 6, 7, 8, 17, 28, 30, 34
38: 3, 10, 17, 32, 44
39: 20, 8, 17, 3
40: 2, 14, 33
41: 13, 31
42: 3, 14, 15, 20, 22
43: 7, 16
44: 4, 17, 26, 32, 34, 35, 38
46: 20
