33 40 625
40 14 1276
40 2 618
2 14 863
14 5 306
14 24 407
14 15 783
14 42 573
14 20 1423
14 27 968
5 29 211
5 15 763
5 24 193
24 15 738
15 42 959
15 11 438
15 32 576
15 10 349
15 3 682
42 20 926
42 22 231
42 3 838
20 3 1102
20 39 760
20 36 335
20 46 6
32 35 1266
32 23 513
32 4 555
32 44 820
32 38 662
32 10  646
10 38 328
10 3 334
22 3 649
3 38 81
3 17 244
3 39 381
39 17 462
39 8 143
23 35 945
23 21 295
23 4 188
4 21 480
4 35 719
4 44 1030
44 38 1211
44 35 1686
44 26 597
44 34 1097
44 17 1120
17 34 819
17 37 379
17 8 343
21 12 311
21 35 920
12 35 1034
35 31 1933
35 13 1134
31 41 524
31 13 1400
41 13 482
26 34 459
34 7 384
34 37 595
37 7 426
37 30 565
37 1 606
37 28 451
37 6 297
37 8 396
7 43 1001
7 16 791
7 30 244
30 16 763
30 1 223
1 28 158
1 16 673
6 8 402
6 28 230
8 28 710
16 43 1796
38 17 200
29 15 656
